# KeyframeSet
K px
44.636 0.0 44.636 0.0 Linear
44.636 0.0 68.027 0.0

K py
44.636 0 45.719 -1.2 IC
45.719  -1.2  70.721 -1.2 
70.721 -1.2 72.296 -2.2 O3

K s
44.636 0.0 45.719 1.0 IC
45.719 1.0 55.271 1.0
55.271 1.0 56.455 0.1 I3
56.455 0.1 59.296 1.172 IC
59.296 1.172 63.785 1.172
63.785 1.172 68.027 1.391 IO3
68.027 1.391 70.721 1.391 IC
70.721 1.391 72.296 4.4 IO3


K pgl
44.636 0.0 45.719 1 IC
45.719 1 46.800 1
46.800 1 48.925 0

K t
44.636 3.5/4 46.800 3.5/4
46.800 3.5/4 48.925 3.5/4+1

K l
46.800 0 48.925 1

K dl
46.800 0 48.925 200
48.925 200 50 1000

K ry
46.800 1.0 51.2 1.0
51.2 1.0 51.201 0.0

K rx
46.800 0.0 51.2 0.0
51.2 1.0 51.201 1.0
51.201 1.0 60 1
60.01 0.0 60.02 0.0

K rz 
60.01 0.0 60.02 1.0

K ra
48.925 0.0 51.2 1*p IO3
51.2 0 51.2 0
51.201 0 53.503 2*p I3
53.503 2*p 60.5 2*p
60.5 2*p 63.785 4*p I3