# KeyframeSet
K px
44.636 0.0 44.636 0.0 Linear
44.636 0.0 68.027 0.0

K py
44.636 0 46.597  -1.2 IC
44.636 -1.2  65.905 -1.2 
65.905 -1.2 68.027 -1.2 I3
68.027 -1.2 69.098 -3.2 O3

K s
44.636 0.0 46.597 1.0 IC
46.597 1.0 55.271 1.0
55.271 1.0 63.785 1.0 I3
63.785 1.0 68.027 0.44 IO3
68.027 0.44 69.098 3.04 IO3


K pgl
44.636 0.0 46.597 1 IC
46.597 1 46.800 1
46.800 1 48.925 0


K t
44.636 6.5/7 46.800 6.5/7
46.800 6.5/7 48.925 6.5/7+1

K l
46.800 0 48.925 1

K dl
46.800 0 48.925 200
48.925 200 50 1000

K ry
46.800 1.0 51.8 1.0
51.8 1.0 51.801 0.0

K rx
46.800 0.0 51.8 0.0
51.8 1.0 51.801 1.0
51.801 1.0 60 1
60.01 0.0 60.02 0.0

K rz 
60.01 0.0 60.02 1.0

K ra
48.925 0.0 51.8 1*p IO3
51.8 0 51.8 0
51.801 0 55.271 2*p I3
55.271 2*p 60.5 2*p
60.5 2*p 61.653 4*p IC