# KeyframeSet
K px
44.636 0.0 44.636 0.0 Linear
44.636 0.0 68.027 0.0


K py
44.636 0 46.416  -1.2 IC
46.416 -1.2  65.905 -1.2 
65.905 -1.2 69.098 -1.2 I3
69.098 -1.2 70.177 -2.9 O3

K s
44.636 0.0 46.416 1.0 IC
46.416 1.0 55.271 1.0
55.271 1.0 56.655 0.1 I3
56.655 0.1 60.582 0.585 IC
60.582 0.585 63.785 0.585
63.785 0.585 68.027 0.598 IO3
68.027 0.598 69.098 0.598 IC
69.098 0.598 70.177 3.31 IO3

K pgl
44.636 0.0 46.416 1 IC
46.416 1 46.800 1
46.800 1 48.925 0

K t
44.636 5.5/6 46.800 5.5/6
46.800 5.5/6 48.925 5.5/6+1

K l
46.800 0 48.925 1

K dl
46.800 0 48.925 200
48.925 200 50 1000

K ry
46.800 1.0 51.6 1.0
51.6 1.0 51.601 0.0

K rx
46.800 0.0 51.6 0.0
51.6 1.0 51.601 1.0
51.601 1.0 60 1
60.01 0.0 60.02 0.0

K rz 
60.01 0.0 60.02 1.0

K ra
48.925 0.0 51.6 1*p IO3
51.6 0 51.6 0
51.601 0 54.739 2*p I3
54.739 2*p 60.5 2*p
60.5 2*p 63.249 0 IC