# KeyframeSet
K px
44.636 0.0 44.636 0.0 Linear
44.636 0.0 68.027 0.0
68.027 0.0 72.6 0.0

K py
44.636 0 45.183 -1.2 IC
45.183 -1.2  65.905 -1.2 
65.905 -1.2 71.236 -1.2 I3
71.236 -1.2 72.296 -2.2 IO3


K s
44.636 0.0 45.183 1.0 IC
45.183 1.0 55.271 1.0
55.271 1.0 56.355 0.1 I3
56.355 0.1 57.427 2.53 IC
57.427 2.53 63.785 2.53
63.785 2.53 68.027 3 IO3
68.027 3 71.236 3
71.236 3 72.296 9.6 IO3



K pgl
44.636 0.0 45.183 1.0 IC
45.183 1 46.800 1
46.800 1 48.925 0

K t
44.636 2.5/3 46.800 2.5/3
46.800 2.5/3 48.925 2.5/3+1

K l
46.800 0 48.925 1

K dl
46.800 0 48.925 200
48.925 200 50 1000


K ry
46.800 1.0 51.0 1.0
51.0 1.0 51.001 0.0

K rx
46.800 0.0 51.0 0.0
51.0 1.0 51.001 1.0
51.001 1.0 60 1
60.01 0.0 60.02 0.0

K rz 
60.01 0.0 60.02 1.0

K ra
48.925 0.0 51.0 1*p IO3
51.0 0 51.0 0
51.001 0 53.143 2*p I3
53.143 2*p 60.5 2*p
60.5 2*p 62.261 0 IC