# KeyframeSet
K px
29.654 0.0 44.636 0.0 Linear

K ose
29.654 0.5 29.654 0.0 O3

K s
29.654 0.0 29.654 0.0 IC
29.654 0.0 30.000 0.9 IS
30.000 0.9 42.555 0.9
42.555 0.9 44.636 0.0 I3

K rz
29.654 1.0 29.654 1.0
29.654 1.0 33.000 1.0
33.000 1.0 38.304 0.0
38.304 0.0 44.636 -1.0

K ry
29.654 0.0 29.654 0.0
29.654 0.0 33.000 0.0
33.000 0.0 38.304 1.0
38.304 1.0 44.636 1.0

K rx
29.654 0.0 29.654 0.0
29.654 0.0 33.000 0.0
33.000 0.0 38.304 0.0
38.304 0.0 44.636 1.0

K ra
29.654 0 33.000 2*p IS
33.000 2*p 44.636 10*p

K dl
29.654 300.0 29.654 0.0 IS
29.654 0.0  33.000  300 IS

K l
29.654 1.01 29.654 0.0 IS
29.654 0.0  33.000 1.01 IO3

K t
29.654 1.01 29.654 0.0 IS
29.654 0.0  33.000 1.01 IS

K pgl
29.654 0.0 29.654 1.0 IS
29.654 1.0 33.000 0.0 IS