# KeyframeSet
K px
44.636 0.0 44.636 0.0 Linear
44.636 0.0 68.027 0.0

K py
44.636 0 46.246 -1.2 IC
46.246 -1.2  70.177 -1.2 
70.177 -1.2 71.236 -2.4 O3

K s
44.636 0.0 46.246 1.0 IC
46.246 1.0 55.271 1.0
55.271 1.0 56.555 0.1 I3
56.555 0.1 58.451 1.4235 IC
58.451 1.4235 63.785 1.4235
63.785 1.4235 68.027 0.8595 IO3
68.027 0.8595 70.177 0.8595 IC
70.177 0.8595 71.236 4 IO3

K pgl
44.636 0.0 46.246 1 IC
46.246 1 46.800 1
46.800 1 48.925 0.0

K t
44.636 4.5/5 46.800 4.5/5
46.800 4.5/5 48.925 4.5/5+1

K l
46.800 0 48.925 1

K dl
46.800 0 48.925 200
48.925 200 50 1000

K ry
46.800 1.0 51.4 1.0
51.4 1.0 51.401 0.0

K rx
46.800 0.0 51.4 0.0
51.4 1.0 51.401 1.0
51.401 1.0 60 1
60.01 0.0 60.02 0.0

K rz 
60.01 0.0 60.02 1.0

K ra
48.925 0.0 51.4 1*p IO3
51.4 0 51.4 0
51.401 0 54.030 2*p I3
55.030 2*p 60.5 2*p
60.5 2*p 62.707 4*p IC