# KeyframeSet
K px
44.636 0.0 44.636 0.0 Linear
44.636 0.0 68.027 0.0
68.027 0.0 74.918 1 IC
74.918 -1  76.525 0.0 IC

K py
44.636 0 46.597  -1.2 IC
44.636 -1.2  65.905 -1.2 
65.905 -1.2 71.221 -2.5 I3
71.221 -2.5 73.340 1 IC
73.340 1  76.525 0.0 IC

K s
44.636 0.0 46.597 1.0 IC
46.597 1.0 55.271 1.0
55.271 1.0 56.355 1.0 I3
56.355 1.0 63.785 1.0
63.785 1.0 65.905 0.4449 I3
65.905 0.4449 71.221 8 IC

K pgl
44.636 0.0 46.597 1 IC
46.597 1 46.800 1
46.800 1 48.925 0


K t
44.636 6.5/7 46.800 6.5/7
46.800 6.5/7 48.925 6.5/7+1

K l
46.800 0 48.925 1

K dl
46.800 0 48.925 100
48.925 100 48.93 1000

K ry
46.800 1.0 51.8 1.0
51.8 1.0 51.801 0.0

K rx
46.800 0.0 51.8 0.0
51.8 1.0 51.801 1.0
51.801 1.0 60 1
60.01 0.0 60.02 0.0

K rz 
60.01 0.0 60.02 1.0

K ra
48.925 0.0 51.8 1*p IO3
51.8 0 51.8 0
51.801 0 55.271 2*p I3
55.271 2*p 60.5 2*p
60.5 2*p 61.653 4*p IC