# KeyframeSet
K px
44.636 0.0 44.636 0.0 Linear
44.636 0.0 68.027 0.0
68.027 0.0 73.340 -1 IC
73.340 -1  76.525 0.0 IC

K py
44.636 0 45.183 -1.2 IC
45.183 -1.2  65.905 -1.2 
65.905 -1.2 68.027 -2.5 I3
68.027 -2.5 73.340 -1 IC
73.340 -1  76.525 0.0 IC

K s
44.636 0.0 45.183 1.0 IC
45.183 1.0 55.271 1.0
55.271 1.0 56.355 0.1 I3
56.355 0.1 57.427 2.53 IC
57.427 2.53 63.785 2.53
63.785 2.53 65.905 3.0 I3
65.905 3.0 71.752 15 IC
71.752 15 73.340 1.0 IC
73.340 1.0 76.525 0.0 IC


K pgl
44.636 0.0 45.183 1.0 IC
45.183 1 46.800 1
46.800 1 48.925 0

K t
44.636 2.5/3 46.800 2.5/3
46.800 2.5/3 48.925 2.5/3+1

K l
46.800 0 48.925 1

K dl
46.800 0 48.925 100
48.925 100 48.93 1000


K ry
46.800 1.0 51.0 1.0
51.0 1.0 51.001 0.0

K rx
46.800 0.0 51.0 0.0
51.0 1.0 51.001 1.0
51.001 1.0 60 1
60.01 0.0 60.02 0.0

K rz 
60.01 0.0 60.02 1.0

K ra
48.925 0.0 51.0 1*p IO3
51.0 0 51.0 0
51.001 0 53.143 2*p I3
53.143 2*p 60.5 2*p
60.5 2*p 62.261 0 IC